0.9652343868908438 0.9617743978117231
0.8259662416770138 -0.6554809592132124
0.7337371417932615 -0.0503700426919681
0.8402245760517778 0.8083268815935571
0.8433767162685173 0.7910973420423697
0.44405556261761486 0.13400292152803164
0.719178795913401 -0.02194244758136696
1.4509786401388964 0.6454638640830574
0.7020216492198885 0.9422895178884859
0.028065969406415592 1.8550894469291552
0.8522401609134781 0.8411060161990529
0.7541021014183422 1.6034170824925167
0.7510801022283907 1.4803230694443013
0.9285484839329584 0.9507550935228178
0.9273029518963932 0.9466264412357676
0.8956377987246824 0.7658466781500248
1.3353914112725178 0.6400968018998517
1.3606917781306793 0.6477891999893097
-2.1967037068309403 0.4911569879110315
0.8667939301152281 0.5091914301167193
0.8543772432516786 0.5396069839869191
0.8696129590414066 0.15757202393523456
0.7476229428142765 0.3185304225449051
0.8351780626233875 0.7854201823472793
0.803821814408307 0.594547899962332
0.6256179320799697 0.8984347058865164
0.5001324616465082 0.7961230777545055
0.43415957818023526 0.8581185611836325
0.32850735885348487 1.1976926656021896
0.10344482927415849 0.0751478931190778
0.1734117284383176 0.35676195893418494
0.3906463171794199 0.34759652671554425
0.5410564857889886 0.5672001883384721
0.20087427101352168 0.4946562866296954
0.30014562797240507 0.4940791051417298
0.10162542884727005 0.6081145291474402
0.3679995814576407 0.5324509272539419
0.18298893411061992 0.7375289929329695
0.2754296109691798 0.7358203333505521
0.820107940512564 0.44310300215390874
0.8037947669226764 0.4259019477961916
0.9388861411805416 0.4190192874993732
0.9659490481202644 0.16568815896122074
0.9169310375166234 0.17170625170226944
0.8982393433152178 0.27587831904800064
0.7385319367866878 0.742498543527347
0.6145204572341947 0.8756860478301349
0.6089363521788812 0.8710564099684495
0.2016618636343645 0.3244118745513662
0.18124663607070185 0.1739099885639222
0.28246361481690246 0.2763572249274614
0.30322519816466864 0.21167522403209954
0.036765393353331774 0.31544239149915115
0.10023338673502354 0.14129283868839204
0.15560343468580062 0.3467745459918429
0.31967815312169906 0.19158197164261948
0.4421772287414878 0.13910011416578194
0.44086570003529707 0.15662963289684567
0.4849899629389848 0.21973305428197465
0.4826536889892331 0.31775655176406453
0.6741371541457419 0.17619751064375125
0.7456545215573578 0.31993480321963397
0.7335527572646453 0.38835250858188775
0.7260600051174573 0.39268918549573517
0.3318000048846812 0.696188075375413
0.3960550706869556 0.5733632339787207
0.4841780423025611 0.615213838756147
0.5128108390385369 0.7401366283410981
1.0418225221846458 0.1905644927047426
3.758933829481367 0.4999425517107008
3.6274367174339845 0.5051150551763409
1.0102933519293766 0.35440544514212335
0.9536397171504924 0.3422121764331163
0.9235659741629701 0.288204262274245
0.7194255216198724 0.7263760203799723
0.6899007563890421 0.6098744296476079
0.6548053736175087 0.7350482386691545
0.67008594567014 0.5970193333666006
0.6796048553724159 0.5964028021913796
0.5128714717757371 0.7377391139186058
0.5129169550656575 0.7399331729748432
0.3629744641654809 0.09047585721409941
0.24556686187008964 0.08234026821049464
-0.45996616628360654 -1.060734763073444
0.05067972305366597 -0.0986814908140419
0.45183024172604075 0.46858262762027325
0.49421081475006706 0.3309448645558558
0.5489833685012694 0.5020155569902144
0.6157900453710043 0.397607347196928
-1 0 

6 2 1 -1 5 
14 10 12 11 13 
12 8 3 10 
13 0 -1 11 
17 7 14 10 3 4 15 
20 15 17 16 19 
24 20 15 4 23 
28 9 -1 11 12 8 25 
37 9 -1 18 35 
38 27 28 9 37 
41 16 19 39 
43 21 2 1 42 
44 22 21 43 
46 25 8 3 4 23 45 
47 26 27 28 25 46 
51 49 48 50 
50 31 34 33 30 48 
54 52 53 
54 30 33 35 18 52 
54 30 48 49 29 53 
59 31 50 51 55 57 58 
60 6 5 56 57 58 
61 22 21 2 6 60 
65 36 34 33 35 37 38 64 
67 26 27 38 64 
73 68 69 70 71 72 
73 44 43 42 68 
69 -1 1 42 68 
70 7 14 13 0 -1 69 
71 41 16 17 7 70 
72 40 39 41 71 
73 44 22 61 62 40 72 
80 76 74 75 78 77 79 
76 47 46 45 74 
75 24 23 45 74 
78 63 62 40 39 19 20 24 75 
80 67 26 47 76 
79 66 32 77 
80 67 64 65 66 79 
84 82 81 83 
82 55 57 56 81 
83 -1 5 56 81 
84 29 49 51 55 82 
84 29 53 52 18 -1 83 
88 86 85 87 
86 59 31 34 36 85 
87 32 66 65 36 85 
88 63 62 61 60 58 59 86 
88 63 78 77 32 87 
