0.138 0.836
0.058 0.778
0.086 0.656
0.162 0.624
0.252 0.688
0.204 0.802
0.142 0.812
0.014 0.78
0.014 0.832
0.228 0.836
0.418 0.838
0.452 0.786
0.42 0.672
0.356 0.642
0.352 0.534
0.248 0.502
0.164 0.562
0.09 0.538
0.07 0.428
0.016 0.424
0.012 0.586
0.014 0.624
0.014 0.256
0.016 0.166
0.232 0.17
0.234 0.236
0.12 0.292
0.436 0.174
0.626 0.174
0.822 0.174
0.984 0.176
0.988 0.254
0.988 0.43
0.988 0.638
0.988 0.836
0.922 0.836
0.72 0.838
0.63 0.838
0.572 0.786
0.612 0.662
0.54 0.62
0.524 0.512
0.424 0.486
0.324 0.364
0.238 0.416
0.13 0.376
0.328 0.282
0.436 0.246
0.536 0.32
0.534 0.34
0.418 0.41
0.622 0.446
0.652 0.252
0.744 0.288
0.832 0.218
0.762 0.388
0.686 0.45
0.742 0.54
0.666 0.654
0.782 0.752
0.836 0.75
0.912 0.636
0.854 0.558
0.922 0.424
0.944 0.406
0.946 0.262
45 26 25 46 43 44 
26 22 23 24 25 
22 26 45 18 19 
19 20 17 18 
20 21 2 3 16 17 
16 17 18 45 44 15 
24 27 47 46 25 
27 28 52 48 47 
28 29 54 53 52 
29 30 31 65 54 
65 64 32 31 
65 54 53 55 63 64 
56 51 49 48 52 53 55 
49 50 43 46 47 48 
50 43 44 15 14 42 
42 41 51 49 50 
41 40 39 58 57 56 51 
57 56 55 63 62 
62 63 64 32 33 61 
61 60 59 58 57 62 
35 34 33 61 60 
60 59 36 35 
36 37 38 39 58 59 
37 10 11 38 
11 12 40 39 38 
12 13 14 42 41 40 
13 4 3 16 15 14 
4 5 9 10 11 12 13 
4 3 2 1 6 5 
9 0 6 5 
0 8 7 1 6 
1 7 21 2 
