0.662 0.49
0.538 0.51
0.776 0.506
0.536 0.724
0.496 0.74
0.8 0.728
0.996 0.73
0.994 0.478
1.004 0.184
0.686 0.196
0.718 0.004
1.0 0.0
0.298 -0.002
0.262 0.114
0.406 0.146
0.008 0.066
0.024 -0.002
0.102 0.1
0.078 0.398
0.046 0.424
0.002 0.406
0.2 0.428
0.342 0.474
0.386 0.446
0.312 0.718
0.036 0.708
0.028 0.946
0.302 0.952
0.476 0.964
0.0 0.71
-0.004 0.968
0.998 0.94
9 14 13 12 10 
22 23 14 13 21 
21 18 17 13 
18 19 20 15 17 
15 16 12 13 17 
9 8 11 10 
0 1 23 14 9 
0 2 7 8 9 
28 27 24 4 
4 3 1 23 22 24 
24 25 19 18 21 22 
29 25 19 20 
29 30 26 25 
26 27 24 25 
31 28 4 3 5 6 
2 5 3 1 0 
2 7 6 5 
