0.35 0.49
0.376 0.428
0.41 0.376
0.542 0.402
0.474 0.536
0.416 0.664
0.38 0.658
0.294 0.62
0.528 0.7
0.596 0.576
0.644 0.53
0.702 0.438
0.454 0.256
0.602 0.284
0.71 0.3
0.772 0.322
0.424 0.914
0.444 0.932
0.296 0.842
0.224 0.814
0.186 0.78
0.538 0.968
0.606 0.874
0.66 0.758
0.634 0.738
0.724 0.562
0.772 0.48
0.822 0.404
0.842 0.334
0.31 0.4
0.234 0.354
0.178 0.31
0.21 0.256
0.122 0.56
0.2 0.588
0.042 0.692
0.08 0.732
0.512 0.116
0.614 0.144
0.734 0.168
0.828 0.186
0.474 0.19
0.302 0.156
0.352 0.02
0.782 0.588
0.706 0.768
0.754 0.798
0.666 0.916
0.87 0.61
0.94 0.464
0.81 0.806
0.918 0.208
1.002 0.33
11 10 9 4 3 
3 2 1 0 4 
15 14 13 3 11 
13 12 2 3 
5 4 0 7 
4 9 8 5 
20 7 5 18 19 
18 16 8 5 
8 24 23 22 21 17 16 
28 15 11 26 27 
26 25 10 11 
25 24 8 9 10 
12 32 31 30 29 1 2 
20 36 35 34 7 
34 29 1 0 7 
34 33 30 29 
40 39 14 15 
39 38 13 14 
38 37 12 13 
41 42 32 12 
43 42 41 37 
47 22 23 45 46 
23 24 25 44 45 
49 27 26 25 44 48 
50 46 45 44 48 
51 40 15 28 
52 49 27 28 51 
