0.328 0.808
0.124 0.996
0.468 0.996
0.694 0.636
0.796 0.706
0.886 0.488
0.68 0.386
0.356 0.524
0.63 0.282
0.358 0.27
0.362 0.174
0.516 0.064
0.534 0.092
0.554 0.124
0.742 0.046
0.792 0.086
0.88 0.188
0.918 0.23
0.938 0.056
0.852 0.01
0.998 0.004
1.002 0.096
1.006 0.174
1.006 0.55
1.006 0.998
0.004 1.0
0.002 0.77
0.09 0.48
0.344 0.428
0.034 0.686
-0.004 0.392
0.138 0.306
0.136 0.23
0.128 0.136
0.126 0.19
0.004 0.25
0.0 0.1
0.078 0.002
0.236 -0.006
0.282 0.066
0.324 0.126
0.436 -0.002
0.6 0.0
0.68 0.0
0.002 0.004
2 0 6 5 4 3 
2 24 23 5 4 3 
2 1 0 
1 25 26 29 28 7 0 
26 30 31 27 29 
29 28 9 27 
27 31 10 9 
30 35 34 32 31 
34 35 36 37 38 39 33 
44 36 37 
39 40 32 34 33 
40 10 31 32 
10 11 12 13 9 
7 28 9 13 8 
6 8 7 0 
6 17 22 23 5 
8 16 17 6 
11 41 38 39 40 10 
41 42 11 12 
13 12 11 42 43 14 
13 8 16 15 14 
43 19 15 14 
19 20 21 18 
21 22 17 16 15 19 18 
