0.396 0.63
0.484 0.676
0.558 0.67
0.632 0.594
0.614 0.536
0.43 0.49
0.388 0.446
0.436 0.318
0.484 0.332
0.548 0.28
0.604 0.386
0.68 0.442
0.836 0.608
0.734 0.792
0.668 0.754
0.602 0.866
0.42 0.808
0.288 0.83
0.3 0.642
0.208 0.418
0.264 0.262
0.38 0.218
0.364 0.072
0.504 0.022
0.604 0.32
0.84 0.512
0.192 0.532
0.416 1.004
0.596 0.906
0.246 0.9
0.722 0.968
21 7 8 9 23 22 
22 20 21 
7 6 19 20 21 
6 5 4 11 10 8 7 
24 9 8 10 
3 4 11 25 12 
2 3 4 5 0 1 
0 18 26 19 6 5 
17 18 0 1 16 
16 15 14 2 1 
14 13 12 3 2 
17 29 27 28 15 16 
28 30 13 14 15 
