98 225
79 169
100 103
171 103
188 178
162 230
171 284
228 290
266 237
244 181
267 119
311 119
345 175
315 242
342 303
316 369
251 361
227 421
172 421
148 345
88 348
68 297
20 282
6 226
29 159
188 51
238 60
404 187
432 235
398 311
249 478
309 480
331 422
381 425
425 362
468 357
497 296
481 242
345 59
400 60
428 102
258 1
324 14
143 471
95 467
64 402
15 398
2 328
411 482
469 480
494 415
476 110
496 181
77 45
103 2
173 7
28 52
10 104
158 494
244 496
321 498
399 498
284 304
293 304
293 321
283 315
373 224
373 215
382 222
358 372
356 349
375 360
29 14 13 12 27 28 
13 8 9 10 11 12 
9 4 3 25 26 10 
3 2 1 0 5 4 
5 6 7 8 9 4 
19 20 21 0 5 6 
22 21 0 1 24 23 
19 18 17 16 7 6 
16 15 14 13 8 7 
37 28 29 34 35 36 
34 33 32 15 14 29 
32 31 30 17 16 15 
38 39 40 27 12 11 
42 38 11 10 26 41 
20 45 44 43 18 19 
22 47 46 45 20 21 
50 35 34 33 48 49 
52 37 28 27 40 51 
55 25 3 2 53 54 
57 24 1 2 53 56 
59 58 43 18 17 30 
61 48 33 32 31 60 
62 63 64 65 
66 67 68 
69 70 71 
